17 289
0 0
1 37.98102 23.67988 9 17 0 0 540 960
2 37.94581 23.64335 10 23 0 0 720 900
3 37.97443 23.66663 20 17 0 0 550 840
4 38.00109 23.70491 5 14 0 0 300 770
5 37.97576 23.73389 15 18 0 0 300 770
6 37.99865 23.66567 14 20 0 0 720 1080
7 37.96932 23.72990 9 23 0 0 200 700
8 38.01288 23.81848 15 19 0 0 540 960
9 37.93945 23.74074 13 10 0 0 200 700
10 38.00460 23.83301 5 20 0 0 600 1080
11 38.01289 23.81920 17 18 0 0 200 700
12 37.98735 23.76109 13 23 0 0 600 1200
13 37.97576 23.75222 17 14 0 0 300 770
14 37.93945 23.74074 10 14 0 0 300 770
15 37.98681 23.76124 20 10 0 0 720 900
16 37.97600 23.74136 19 18 0 0 550 840
17 37.97626 23.72882 17 30 0 0 550 840
D 0 0 0 0
D 1 0 1 13
D 2 0 2 8
D 3 0 3 8
D 4 0 4 20
D 5 0 5 13
D 6 0 6 19
D 7 0 7 31
D 8 0 8 25
D 9 0 9 31
D 10 0 10 30
D 11 0 11 29
D 12 0 12 26
D 13 0 13 25
D 14 0 14 28
D 15 0 15 23
D 16 0 16 20
D 17 1 0 20
D 18 1 1 0
D 19 1 2 16
D 20 1 3 19
D 21 1 4 23
D 22 1 5 24
D 23 1 6 21
D 24 1 7 47
D 25 1 8 27
D 26 1 9 46
D 27 1 10 48
D 28 1 11 33
D 29 1 12 26
D 30 1 13 27
D 31 1 14 32
D 32 1 15 24
D 33 1 16 25
D 34 2 0 8
D 35 2 1 16
D 36 2 2 0
D 37 2 3 12
D 38 2 4 23
D 39 2 5 14
D 40 2 6 21
D 41 2 7 34
D 42 2 8 27
D 43 2 9 34
D 44 2 10 34
D 45 2 11 33
D 46 2 12 26
D 47 2 13 27
D 48 2 14 31
D 49 2 15 26
D 50 2 16 24
D 51 3 0 6
D 52 3 1 15
D 53 3 2 11
D 54 3 3 0
D 55 3 4 17
D 56 3 5 12
D 57 3 6 22
D 58 3 7 26
D 59 3 8 33
D 60 3 9 26
D 61 3 10 26
D 62 3 11 25
D 63 3 12 23
D 64 3 13 33
D 65 3 14 23
D 66 3 15 20
D 67 3 16 17
D 68 4 0 21
D 69 4 1 21
D 70 4 2 24
D 71 4 3 20
D 72 4 4 0
D 73 4 5 27
D 74 4 6 8
D 75 4 7 30
D 76 4 8 19
D 77 4 9 30
D 78 4 10 31
D 79 4 11 16
D 80 4 12 9
D 81 4 13 19
D 82 4 14 15
D 83 4 15 7
D 84 4 16 7
D 85 5 0 11
D 86 5 1 21
D 87 5 2 15
D 88 5 3 14
D 89 5 4 24
D 90 5 5 0
D 91 5 6 29
D 92 5 7 37
D 93 5 8 33
D 94 5 9 38
D 95 5 10 37
D 96 5 11 34
D 97 5 12 30
D 98 5 13 33
D 99 5 14 32
D 100 5 15 27
D 101 5 16 25
D 102 6 0 23
D 103 6 1 19
D 104 6 2 22
D 105 6 3 26
D 106 6 4 10
D 107 6 5 27
D 108 6 6 0
D 109 6 7 35
D 110 6 8 17
D 111 6 9 34
D 112 6 10 35
D 113 6 11 21
D 114 6 12 14
D 115 6 13 17
D 116 6 14 19
D 117 6 15 12
D 118 6 16 13
D 119 7 0 29
D 120 7 1 45
D 121 7 2 33
D 122 7 3 27
D 123 7 4 29
D 124 7 5 35
D 125 7 6 34
D 126 7 7 0
D 127 7 8 32
D 128 7 9 7
D 129 7 10 1
D 130 7 11 22
D 131 7 12 24
D 132 7 13 32
D 133 7 14 20
D 134 7 15 26
D 135 7 16 32
D 136 8 0 31
D 137 8 1 27
D 138 8 2 30
D 139 8 3 31
D 140 8 4 22
D 141 8 5 36
D 142 8 6 20
D 143 8 7 34
D 144 8 8 0
D 145 8 9 28
D 146 8 10 33
D 147 8 11 30
D 148 8 12 23
D 149 8 13 0
D 150 8 14 29
D 151 8 15 21
D 152 8 16 24
D 153 9 0 29
D 154 9 1 42
D 155 9 2 33
D 156 9 3 27
D 157 9 4 27
D 158 9 5 35
D 159 9 6 32
D 160 9 7 8
D 161 9 8 27
D 162 9 9 0
D 163 9 10 7
D 164 9 11 22
D 165 9 12 20
D 166 9 13 27
D 167 9 14 20
D 168 9 15 23
D 169 9 16 29
D 170 10 0 30
D 171 10 1 45
D 172 10 2 34
D 173 10 3 27
D 174 10 4 29
D 175 10 5 35
D 176 10 6 34
D 177 10 7 2
D 178 10 8 31
D 179 10 9 7
D 180 10 10 0
D 181 10 11 22
D 182 10 12 24
D 183 10 13 31
D 184 10 14 20
D 185 10 15 26
D 186 10 16 32
D 187 11 0 28
D 188 11 1 30
D 189 11 2 32
D 190 11 3 24
D 191 11 4 14
D 192 11 5 34
D 193 11 6 19
D 194 11 7 21
D 195 11 8 26
D 196 11 9 23
D 197 11 10 21
D 198 11 11 0
D 199 11 12 10
D 200 11 13 26
D 201 11 14 2
D 202 11 15 10
D 203 11 16 17
D 204 12 0 24
D 205 12 1 23
D 206 12 2 26
D 207 12 3 22
D 208 12 4 8
D 209 12 5 30
D 210 12 6 12
D 211 12 7 23
D 212 12 8 20
D 213 12 9 22
D 214 12 10 23
D 215 12 11 10
D 216 12 12 0
D 217 12 13 20
D 218 12 14 9
D 219 12 15 4
D 220 12 16 11
D 221 13 0 31
D 222 13 1 27
D 223 13 2 30
D 224 13 3 31
D 225 13 4 22
D 226 13 5 36
D 227 13 6 20
D 228 13 7 34
D 229 13 8 0
D 230 13 9 28
D 231 13 10 33
D 232 13 11 30
D 233 13 12 23
D 234 13 13 0
D 235 13 14 29
D 236 13 15 21
D 237 13 16 24
D 238 14 0 27
D 239 14 1 28
D 240 14 2 31
D 241 14 3 23
D 242 14 4 12
D 243 14 5 33
D 244 14 6 18
D 245 14 7 20
D 246 14 8 24
D 247 14 9 22
D 248 14 10 21
D 249 14 11 2
D 250 14 12 9
D 251 14 13 24
D 252 14 14 0
D 253 14 15 9
D 254 14 16 15
D 255 15 0 22
D 256 15 1 23
D 257 15 2 28
D 258 15 3 20
D 259 15 4 6
D 260 15 5 28
D 261 15 6 11
D 262 15 7 26
D 263 15 8 19
D 264 15 9 26
D 265 15 10 27
D 266 15 11 12
D 267 15 12 6
D 268 15 13 19
D 269 15 14 11
D 270 15 15 0
D 271 15 16 8
D 272 16 0 19
D 273 16 1 27
D 274 16 2 26
D 275 16 3 18
D 276 16 4 7
D 277 16 5 25
D 278 16 6 14
D 279 16 7 35
D 280 16 8 24
D 281 16 9 34
D 282 16 10 36
D 283 16 11 21
D 284 16 12 14
D 285 16 13 24
D 286 16 14 20
D 287 16 15 12
D 288 16 16 0
